Index Ιοοοιηιιηῖ1

Arist, historia animalium.

492 a, 14 pff} 576 b, 23

51053535 34 576528
51053 34 577524
52253 35 577515
541526 37 577519,
54457 35 579532
545523 24 59655
’5455 28 24 596515
545530 . 33 596516
54552 33 624513
54657 33 624527
553525 29 62459
55357 30 624521
553514 29 624525
553515 29 624527
557514 72 625514
559526 , 24 625527
563527 35 6255855.
564525 26 625520
5645255. 35 626515
57251355. 24 626524
573530 33 626526
573520 33 62656
57455 33 626522
574523 35 627515
5755, 22 sq. 23. 34 627524
575525 33 627533
575530 24 627513
57557 34 627516
575515 · 34 63053235.
575526 25 631525
5765655. 34 632513

¹) Non reoeptus est hue index, quem in paginis 75-76 composui.

 

