IX 15,1
XI 2, 55

ΙΙ, 2sq.

16

11 16, 1 sq.
11 21, 4 sq.
1126, 14
111 1

1112

111 6, 2. 6.
11144
11154
111 5, 5
1115, 1

111 15, 6
111 1115
111 111
111114
111 162
111 166
111 14

111 15‚6
v 11, 5
v26‚6
11 151
111 15, 2
111 2‚6
11114

X 51, 5
11151
11115
111514
111111
11111155
,1111 11, 22
111115
1111151

111150-1164

VIII 154-158
VIII 202
XI 16

-89-

668-
66 XII 21‚2

69

Geoponica.

64 X1v6‚26
64 1111115551
50 1111115-11
1ο 1111515
55 11111
54 11115
55 111115
55 111115
55 111115
55 111151
55 111155
55 11114
55 5155
55 111115
55 xv6‚6

66. 76 XV 5,1

55 111111

55 111114

60 xv11,6sq.
60 xvl 1,12-16
55 1111111

55 1111111

86 11111112
55 11111115
45 11111111

. 83 XVIII 8, 2

46 XVIII9,4
66 XIX2‚l-4
56 XIX2‚10
56 XIX2‚li
56 XIX6‚1

40. 67 ΧΙΧ 6, 1-3

60 1111111. 5.
15 11111111
66 Ι

Lucretii derorum natura.

16 Ι V 821, 826.

Plinii naturalis historia.

68 XI 56
38 XV 57
36 XVII 50

 

