XVII 58
XVII 199
XVIII 32

..90-

1³³8·
48 XVIII 143

20 XVIII 166
16 XXVIII praet

Theophrasti historia plantarum.

445 45 4444455.
44,4-4 44 1111‚5
4454 45 1v 455
444,4 4444 5455
44 45 45. 55 444454
4445 50 v1111‚5

115,6
117,4

11,3
Ι2,2
14,1.2.3
14‚4
14‚5
15‚1sq.
154
16,1
16,3
16,4
165
16,6
16,7
16,8
16,9
16,10
17
18,1
182
18‚4
112‚lsq.
112‚1.2.7
113,1
114,1-2
1181

44414

52 VIII 8,1
40 IX 154

Theophrasti de causis plantarum.

53 120‚3
48 120‚4
52 II4‚lsq.
52 4444
54 4444
45 1145
44 4444
55 44454
54 44444
54 1119‚5
55 44445
55 44455
54 44454
54 44455
54 44455
55 44455
55 444454
55 44444,5-5
54 444455
55 444444
44 1v3,1
44 ν5,4
44 444
44 v15‚5
3441544445

- Varronis rerum rusticarum liber 1.

1,1
1,4

12. 20 1, 8-10 “

18 1,9

 

