⁶-75-

1. verbotenus 1010 congruunt hi 1001.

Varro lib. II: V. 213 3 geop. 18,3, 1. — 214 3 18, 3, 5. -
4,7 3 19, 6,6 (01. 001. 7, 9, 31. - 5,12 3 17,1 (01 001. 6, 24, 3. Ηο11110
p. 438). - 5,13317,10,1-4 (01. 001. 6, 21, 11. - 7,10316,1,6
(01. 001.6,27,11(. - 9,5319,2,4. - 9,11 3 19,1,5.-9, 123 ·

Varro lib. III: 7,9 3 14, 1, 3-4 (01. 001. 8, 8, 9). - 9,5 3 14,
16,200. (01. 001. 8, 29001. - 9,9 3 14, 7, 16 (01. 001. 8, 5, 5). - 9,11
3 14, 7, 20. 27 (01. 001. 8,5, 14). — 9,12 3 14,11,6sq. (01. 001. 8,6,1(.

11. Rebus et vorbis magis minusve similes sunt hi 1001.

Varro lib. I: 2. 28 3 7,31, 1. - 9,4 3 213,1. - 27329.
-121,3323,3.’-13,432,21,10110.-12532222.-
16,43249. - 18,2 3246. --23,333,5,7.- 31,2 3 3,3,7.
3,6,2 01. 5,221. - 35,1 ’3 11,18,2. - 363245,1.-37,1,3
3 1,6,1sq. -- 32132123. -- 40,2 3 212100. 01121222.
- 41,1310,45,1. 10, 52. 3, 6, 5. -— 41,2 3 10,75, 8. - 41,5
310,45,5.-51,132,26,100.-5213216.--54,135,45.
- 54,3=6‚13,2. - 55,139,17,6. - 55,233,3,3. -57,1
3227,1,3.- 51,332,11,2.-5834,15,8.-603933.

Varro lib. II: 1.28 = 18, 19. - 24 3 18,6 ibid. l,3sq. —
273 18,21. - 211 3 18,23,7. - 212 3 18.2,7. - 214
318,1,615111.3,2.-215318,3,8.-217318,3,9.-219
318,21.17,8,1.-220318,13.-3,6,8318,9,5,1.-4,3
---19,6,100.-4,13ε11169.-4,14319,6,10.-4,21--.
19,7. - 5,8317,2,2. - 5,12317,3,1. - 5,13317,·6,1.-
5,16 3 17,8, 1. - 5,17 3 17,8,2 (01. Heinze p. 438; Geni. p. 130).
-5,18317,11-29. - 6,3 316,21,3. - 6,4316,21,4. -
‘LI = 16,1,1. -’ Ἷ,4-·τ·-16,1,2. - 7,Ἷ--16,1,10.3. - 7‚8=
16,1,7. - 7,12-13316,1,11. -— 7,16 316,3-20. - 8,2 3
16,21,6sq. (01. 001. 6, 3281. - 9,1319,1,1.-9,10319,1.6,7
ibid. 213. - 9,11 3 19,26. - 10103247. - 11,6318,19,2
18,8,1.-11,9318,8,4-5.-11,11318,9,3.

Varro lib.III: 7,4314,6,2.3. - 7,5314,6,5. - 9.43
14,7,8, - 9,9314,7,16.-9,10314718011- 9,l4= 14,
9.3. 13,8, 1. - 9,16314,7,13. - 9, 19-20 3 14, 7, 6.- 10,2
’3 14, 221. - 10,4314,224. —- 10,6314,226.- 10,73
14,227.-11,2,3314,23,2-3.- 16,4315,3,3.-16,53
15,3, 10. - 16,6 3 15, 3, 2-3. 15,219. - 16,16 3 15, 2, 8. —-
11118 3 15,215,16. - 16,27 3 15, 2, 5. - 16,28 3 15, 4, 4-5.
- 16,33315,5,4. ·— 17,2=20.1sq.

111. Diversa exhibent hi 1001.
’ Varro lib. 1: 24,4= 5‚53,1 (01. 001. 131, 1). - 40,5= 1010.
555οἧ035555 4, 01 = 1116, 11. - 5,133 17‚3‚2 (01. 001.

 

